# Project Zomboid Skinned Mesh
# File Version:
1.0
# Model Name:
GeometryNode_5
# Vertex Stride Element Count:
3
# Vertex Stride Size (in bytes):
76
# Vertex Stride Data:
# (Int)    Offset
# (String) Type
0
VertexArray
12
NormalArray
24
TextureCoordArray
# Vertex Count:
242
# Vertex Buffer:
0.62901598, 1.49621201, -9.72488403
0.66255683, 0.1587878, 0.73195595
0.47822699, 0.79970001
0.14662001, 0.331229, -9.03549862
0.66255683, 0.1587878, 0.73195595
0.33962101, 0.67210299
1.46292996, 1.763363, -10.53769112
0.66255683, 0.1587878, 0.73195595
0.66491097, 0.80932499
2.45619011, 1.02644598, -11.26727867
0.65977967, 0.16299936, 0.73354292
0.81289798, 0.67761999
0.46404001, 1.30830395, -9.53851223
0.64302498, 0.17493209, 0.7455672
0.43671599, 0.77845301
-0.092418, 0.389979, -8.86449623
0.60219121, 0.2019715, 0.77236241
0.28802499, 0.68196401
-0.104596, 0.33201799, -8.82051945
0.59599596, 0.40208137, 0.69499803
0.27911299, 0.68196401
-0.26350799, 0.33592099, -8.70828629
0.52473527, 0.44181645, 0.72759181
0.25953001, 0.68665901
-0.206807, 0.127701, -8.71051407
0.57298499, 0.1474044, 0.80617696
0.263399, 0.64674801
-0.50928199, 0.089087, -8.50043488
0.55241555, 0.1416364, 0.82143623
0.215556, 0.641936
-0.86132699, -0.43393499, -8.18051338
0.55439925, 0.12967315, 0.8220771
0.15129501, 0.59463
-0.39111799, -0.33221501, -8.59475231
0.66872156, -0.08197272, 0.73894465
0.240298, 0.59263399
0.138428, 0.19686501, -9.00114918
0.6506241, -0.0704062, 0.75609607
0.33317101, 0.648509
2.47858095, 0.891949, -11.26297092
0.66454053, 0.14676352, 0.73265785
0.81090498, 0.65872201
3.06097889, 1.23261797, -11.86236572
0.67113256, 0.13507493, 0.72887355
0.93332899, 0.68290299
2.51497889, 2.01407099, -11.58380127
0.6531266, 0.1955626, 0.7315287
0.87668997, 0.80873799
2.63313603, 1.98721099, -11.71447659
0.73747981, 0.29950866, 0.6052736
0.90037698, 0.800521
3.15171599, 1.283746, -12.02062416
0.76943266, 0.32895902, 0.54744101
0.95982999, 0.68560299
3.09640503, 1.13032401, -11.90267181
0.85097814, 0.09088412, 0.51725823
0.938254, 0.66764301
3.18997192, 1.18966699, -12.07481194
0.86660361, 0.06762902, 0.49436933
0.96651399, 0.67069501
3.11611199, 0.53518701, -12.04885483
0.88723409, -0.08209479, 0.45393232
0.93989497, 0.590639
3.21042204, 0.584728, -12.24129295
0.90316474, -0.0852382, 0.42066714
0.97061902, 0.59099099
3.27631688, 0.499181, -12.33108139
0.86568803, 0.17438276, 0.46916103
0.98328298, 0.57526201
3.16714406, 0.445149, -12.12194633
0.87060153, 0.10290842, 0.48106328
0.94927698, 0.57573101
3.28413701, 0.02771, -12.50164986
0.89208657, -0.14053774, 0.42936492
0.98797399, 0.50459599
2.45824409, 0.35053599, -11.34773636
0.73708302, -0.13144322, 0.662862
0.80304801, 0.585004
0.026644, -0.26708299, -8.95832062
0.71056247, -0.10699789, 0.69542527
0.31558201, 0.58747
-0.42765999, -0.41216999, -8.57119942
0.66151923, -0.0827662, 0.74529254
0.232207, 0.58265701
-0.87041599, -0.50452602, -8.18787479
0.66496778, -0.16165654, 0.72911769
0.14895, 0.584887
-0.95903301, -0.64584899, -8.12856483
0.66335034, -0.10501419, 0.74089783
0.130539, 0.567866
-0.48077801, -0.55004799, -8.55482769
0.67439801, -0.17462692, 0.71739858
0.22200499, 0.564697
-0.95903301, -0.95838398, -8.20346642
0.67439801, -0.17206335, 0.718009
0.129484, 0.52267399
0.025487, -0.42148799, -9.01985931
0.68984038, -0.18256173, 0.70052189
0.319803, 0.564228
2.45351291, 0.246262, -11.36346054
0.70628989, -0.26664022, 0.65575123
0.80152398, 0.57044899
3.15372896, -0.018978, -12.30276108
0.73604542, -0.26407665, 0.62324899
0.95408398, 0.50670901
-1.014359, -1.31831598, -8.39678478
0.66701257, -0.42948699, 0.60875273
0.13288499, 0.46456802
-0.50753498, -1.21953106, -8.88241386
0.66701257, -0.42948699, 0.60875273
0.232559, 0.459521
-0.46640101, -0.86636102, -8.66291904
0.65166175, -0.45365766, 0.60783714
0.225171, 0.51774299
0.000332, -1.12098396, -9.36705017
0.66057312, -0.45027009, 0.60069585
0.33223301, 0.45506001
0.014458, -0.75585902, -9.14848042
0.69753104, -0.38767663, 0.60255742
0.32238299, 0.513987
2.30174303, -0.495433, -11.62840557
0.69750053, -0.38770714, 0.602588
0.79308099, 0.45506001
2.39256692, -0.20834, -11.49630737
0.67134619, -0.47437972, 0.56938386
0.79659897, 0.501075
3.07456493, -0.168971, -12.39494991
0.67229223, -0.6113773, 0.41740164
0.95232499, 0.47959399
3.21141696, -0.093566, -12.58514977
0.72869045, -0.62681967, 0.27579576
0.98691797, 0.48123699
2.35210299, 0.127836, -13.48042011
0.44819483, -0.64128542, -0.62276071
0.97483999, 0.022735
2.46798706, 0.28952801, -13.56351852
0.44819483, -0.64128542, -0.62276071
0.97483999, 0.05055499
2.7025919, 0.048875, -13.14686489
0.44819483, -0.64128542, -0.62276071
0.900729, 0.022735
2.81847596, 0.210566, -13.2299633
0.44819483, -0.64128542, -0.62276071
0.90354401, 0.05055499
3.14920211, -0.07588, -12.65282822
0.4768517, -0.64732808, -0.59456158
0.80386901, 0.022735
3.26054192, 0.084728, -12.73140812
0.49262977, -0.63344216, -0.59669793
0.812195, 0.05055499
3.21141696, -0.093566, -12.58514977
0.48164311, -0.63130587, -0.60777611
0.78991503, 0.02743
3.28413701, 0.02771, -12.50164986
0.89434493, -0.40400404, -0.19208349
0.77385002, 0.05055499
2.49070907, 0.790097, -13.46744537
0.69783622, 0.10431226, -0.70857877
0.97483999, 0.11969399
2.84119892, 0.71067399, -13.13400078
0.6978057, 0.10425123, -0.7086398
0.90506798, 0.11969399
3.26054192, 0.57942098, -12.61285114
0.78835416, 0.14337596, -0.59825432
0.81489199, 0.11969399
3.27631688, 0.499181, -12.33108139
0.99835199, 0.03332621, -0.04638813
0.77385002, 0.11969399
3.18782997, 0.66380501, -12.51617336
0.81438643, 0.56849879, 0.11627552
0.80996698, 0.14035398
3.21042204, 0.584728, -12.24129295
0.83208716, 0.54741049, 0.08908353
0.77385002, 0.14035398
2.42481399, 0.87564403, -13.37765694
0.5178991, 0.77620775, -0.35947752
0.97483999, 0.14035398
2.77530408, 0.79668301, -13.04410076
0.51847893, 0.77495652, -0.36136967
0.90366101, 0.14035398
-0.94296998, 1.85451102, -11.21992588
-0.68938261, 0.46693319, -0.5537889
0.47822699, 0.79970001
-0.109056, 2.12166095, -12.03273392
-0.68938261, 0.46693319, -0.5537889
0.66491097, 0.80932499
-1.873909, 0.79176301, -10.95712852
-0.68938261, 0.46693319, -0.5537889
0.33962101, 0.67210299
0.406454, 1.49363697, -13.21668625
-0.68987089, 0.47062594, -0.55003512
0.81289798, 0.67761999
-1.16427505, 1.67944205, -11.08712673
-0.69841611, 0.48066652, -0.53019804
0.43671599, 0.77845301
-2.02115202, 0.82959002, -10.69882488
-0.717246, 0.50273138, -0.48246711
0.28802499, 0.68196401
-2.077142, 0.78161502, -10.69651413
-0.59526354, 0.67363507, -0.43797112
0.27911299, 0.68196401
-2.18181109, 0.77315402, -10.53269386
-0.61613816, 0.70186466, -0.35740227
0.25953001, 0.68665901
-2.22942305, 0.58871001, -10.63412857
-0.76219976, 0.45173499, -0.4636372
0.263399, 0.64674801
-2.43593001, 0.52822298, -10.33277893
-0.77788627, 0.44483781, -0.44376963
0.215556, 0.641936
-2.86099291, 0.021843, -10.08230209
-0.78136539, 0.43412581, -0.44828638
0.15129501, 0.59463
-2.44502711, 0.13592701, -10.54812813
-0.75240332, 0.24192022, -0.61262858
0.240298, 0.59263399
-1.938429, 0.67023802, -10.97635078
-0.76598406, 0.2524491, -0.59117407
0.33317101, 0.648509
0.37042999, 1.37245405, -13.2679348
-0.69289225, 0.45619068, -0.55833614
0.81090498, 0.65872201
1.01958799, 1.69790697, -13.80383778
-0.69209874, 0.44578385, -0.5676443
0.93332899, 0.68290299
0.94299299, 2.37237, -13.07884312
-0.68016601, 0.49946591, -0.53651541
0.87668997, 0.80873799
1.06114995, 2.34551001, -13.20951843
-0.53508103, 0.58958709, -0.60499895
0.90037698, 0.800521
1.18334305, 1.73239195, -13.8926506
-0.47270119, 0.6120792, -0.63389999
0.95982999, 0.68560299
1.03415096, 1.60036802, -13.86398506
-0.50065613, 0.39896849, -0.7682119
0.938254, 0.66764301
1.21325397, 1.64021504, -13.95477581
-0.48414564, 0.37553027, -0.79027683
0.96651399, 0.67069501
1.03716695, 1.00903499, -14.02604103
-0.48020875, 0.22952971, -0.84655291
0.93989497, 0.590639
1.23370397, 1.03527606, -14.12125683
-0.4489578, 0.22293772, -0.86526078
0.97061902, 0.59099099
1.29959905, 0.94972903, -14.21104527
-0.43473616, 0.47080904, -0.76763207
0.98328298, 0.57526201
1.08611405, 0.91947299, -14.10111618
-0.46308786, 0.4069033, -0.78734702
0.94927698, 0.57573101
1.35644603, 0.46708301, -14.33498669
-0.46998504, 0.16718039, -0.86666465
0.98797399, 0.50459599
0.327144, 0.836272, -13.37452507
-0.69148839, 0.19412825, -0.69576097
0.80304801, 0.585004
-2.08568001, 0.21437301, -10.96725273
-0.71684927, 0.21832941, -0.66209906
0.31558201, 0.58747
-2.4857409, 0.056923, -10.52854443
-0.75862908, 0.24088259, -0.60533464
0.232207, 0.58265701
-2.8700819, -0.048747, -10.08966446
-0.76134527, 0.16345714, -0.62736899
0.14895, 0.584887
-2.95869994, -0.190071, -10.03035355
-0.75954467, 0.21927549, -0.61235392
0.130539, 0.567866
-2.53260112, -0.082381, -10.50621986
-0.75316632, 0.15073092, -0.64027834
0.22200499, 0.564697
-2.95869994, -0.50260502, -10.10525608
-0.75316632, 0.15329447, -0.63969851
0.129484, 0.52267399
-2.06180191, 0.054262, -11.00498199
-0.73897517, 0.14307077, -0.65834528
0.319803, 0.564228
0.318241, 0.73294801, -13.39421844
-0.71538436, 0.0573748, -0.69634086
0.80152398, 0.57044899
1.15406203, 0.4368, -14.20454979
-0.68385875, 0.05954161, -0.72713399
0.95408398, 0.50670901
1.21050406, 0.25589901, -14.16777039
-0.48005617, -0.31614125, -0.81826228
0.95232499, 0.47959399
1.40994406, 0.317038, -14.29844666
-0.43327129, -0.35608998, -0.82790613
0.98691797, 0.48123699
0.40638801, -0.063431, -13.43098831
-0.56321907, -0.3297525, -0.757622
0.79308099, 0.45506001
0.34283099, 0.25885099, -13.44571495
-0.65471357, -0.16281624, -0.73809016
0.79659897, 0.501075
-2.01441598, -0.29342401, -11.07804775
-0.71355325, 0.04959258, -0.69881284
0.32238299, 0.513987
-2.50153399, -0.40249899, -10.59843826
-0.71025729, 0.13034455, -0.69173253
0.225171, 0.51774299
-2.36950994, -0.79513597, -10.65324974
-0.71117282, -0.14304025, -0.68828392
0.232559, 0.459521
-2.85338402, -0.89915198, -10.14579582
-0.70677817, -0.11636708, -0.69777519
0.13288499, 0.46456802
-1.88563502, -0.69112098, -11.16070461
-0.69136631, -0.0745262, -0.71861935
0.33223301, 0.45506001
2.00057006, 0.208885, -13.81452465
0.44605854, -0.64079714, -0.62477493
0.900729, 0.022735
2.11645508, 0.37057599, -13.89762306
0.44605854, -0.64079714, -0.62477493
0.90354401, 0.05055499
2.13917708, 0.87068301, -13.80166054
0.69771415, 0.10428175, -0.70870084
0.90506798, 0.11969399
2.073282, 0.95669299, -13.71176147
0.52034056, 0.77452928, -0.35959959
0.90366101, 0.14035398
1.59258795, 0.959593, -14.19916344
0.44102299, 0.78762168, -0.43024996
0.81489199, 0.11969399
1.59258795, 0.46489999, -14.31772041
0.59749138, 0.18686484, -0.77977842
0.812195, 0.05055499
1.35644603, 0.46708301, -14.33498669
0.07303079, 0.23242897, -0.96984774
0.77385002, 0.05055499
1.40994406, 0.317038, -14.29844666
0.06927702, -0.21262245, -0.97463912
0.78991503, 0.02743
1.48124802, 0.30429199, -14.23914146
0.43308815, -0.62019718, -0.65401167
0.80386901, 0.022735
1.29959905, 0.94972903, -14.21104527
0.03073214, 0.25199133, -0.96722311
0.77385002, 0.11969399
1.519876, 1.04397702, -14.10248566
0.00125126, 0.7538377, -0.65703297
0.80996698, 0.14035398
1.23370397, 1.03527606, -14.12125683
0.02240059, 0.73195595, -0.68092901
0.77385002, 0.14035398
0.67745799, 2.02237606, -11.26554775
0.01812799, 0.97177041, 0.23520616
0.68062502, 0.979884
1.02794802, 1.93555498, -10.93387604
0.01812799, 0.97177041, 0.23520616
0.68015599, 0.916966
1.72950804, 2.25690293, -12.31553555
0.01812799, 0.97177041, 0.23520616
0.89357603, 0.97648
2.07999706, 2.17424297, -11.98286724
0.009888, 0.972808, 0.23126927
0.89170003, 0.913445
-0.27461201, 1.72706902, -10.33525085
-0.02566607, 0.96008182, 0.27845088
0.48772499, 0.979532
0.094055, 1.645504, -10.02143288
-0.02529984, 0.95986813, 0.27921385
0.49288499, 0.917436
-0.51774198, 1.52765703, -10.12739754
-0.24677266, 0.82714313, 0.50486767
0.43331501, 0.984227
-0.10642, 1.44166696, -9.79511547
-0.24744408, 0.81868953, 0.51817375
0.441172, 0.911802
-1.45163405, 0.55335802, -9.37894058
-0.31434065, 0.7491684, 0.58299506
0.21579, 0.982584
-0.81366301, 0.44252199, -8.93686008
-0.29581591, 0.73424482, 0.61101109
0.23642901, 0.881047
0.34755, 1.36011195, -9.57313347
-0.19876705, 0.71575058, 0.66945404
0.461927, 0.84066699
-0.246381, 0.415001, -8.84038544
-0.09717093, 0.64723653, 0.75603503
0.28040299, 0.79077899
0.46404001, 1.30830395, -9.53851223
0.02969451, 0.60069585, 0.79888302
0.467439, 0.827755
-0.092418, 0.389979, -8.86449623
0.21213415, 0.49140903, 0.84466076
0.295295, 0.778336
-0.39862099, 0.34682101, -8.69664955
0.21893978, 0.77120274, 0.59770501
0.248859, 0.793009
-0.26350799, 0.33592099, -8.70828629
0.1093173, 0.89620656, 0.42988372
0.26117101, 0.77857099
-0.96590298, 0.37434101, -8.7931242
-0.02487259, 0.91317487, 0.40678123
0.20547099, 0.88093
-1.60160196, 0.48572001, -9.23746395
-0.08368175, 0.93173009, 0.35331279
0.18448099, 0.98411
0.53543502, 1.55676401, -9.78578854
-0.15002899, 0.78841519, 0.59651476
0.51082599, 0.84958801
1.37843704, 1.82284403, -10.60840893
0.01733451, 0.9459517, 0.32374036
0.679335, 0.847123
0.62901598, 1.49621201, -9.72488403
-0.00405896, 0.70598465, 0.70818204
0.51164699, 0.836206
1.46292996, 1.763363, -10.53769112
0.19690542, 0.8534196, 0.48252815
0.67898297, 0.82939801
2.43048596, 2.06291795, -11.6570673
0.24094363, 0.86513871, 0.43977171
0.89041001, 0.84430601
2.51497889, 2.01407099, -11.58380127
0.1782281, 0.90112001, 0.39521471
0.89052701, 0.82705
2.63313603, 1.98721099, -11.71447659
0.3851741, 0.90856653, 0.16153447
0.915856, 0.825524
2.6028049, 2.01280808, -11.84168053
0.37229529, 0.92303234, 0.0969573
0.92664498, 0.841371
2.25496006, 2.12208509, -12.17933464
0.29322183, 0.95599228, 0.00732444
0.93016201, 0.912036
1.91128695, 2.20498204, -12.51911354
0.25342572, 0.96713156, -0.02035585
0.93332899, 0.975306
-1.86063802, 0.25292799, -9.02088642
-0.24900052, 0.79357278, 0.55516219
0.12584899, 0.983171
-1.227211, 0.12344, -8.57849789
-0.253914, 0.76772362, 0.58830529
0.146722, 0.882808
-0.74206901, 0.085459, -8.46897602
-0.0975982, 0.7235328, 0.68333995
0.181784, 0.801108
-0.50928199, 0.089087, -8.50043488
0.10013123, 0.58064514, 0.80794704
0.209692, 0.76965
-0.86132699, -0.43393499, -8.18051338
0.11160619, 0.46275216, 0.87939084
0.112129, 0.776223
-1.23321295, -0.43902701, -8.14906502
0.06784265, 0.47245705, 0.87871945
0.075425, 0.803573
-1.63394296, -0.40114099, -8.27655315
-0.18073061, 0.62993258, 0.75530261
0.051269, 0.86813501
-1.64530396, -0.47227299, -8.28165436
-0.30478835, -0.01959288, 0.95220804
0.042005, 0.8652
-2.26964211, -0.36512199, -8.73895359
-0.58653522, 0.03564562, 0.80913723
0.027464, 0.983171
-2.26055288, -0.29453099, -8.73159218
-0.58851892, -0.00851466, 0.8084048
0.036963, 0.983171
-1.24457502, -0.51016003, -8.15416622
-0.30478835, -0.01959288, 0.95220804
0.06663, 0.799348
-0.87041599, -0.50452602, -8.18787479
0.09082308, -0.11484115, 0.98919642
0.103334, 0.771176
2.63313603, 1.98721099, -11.71447659
0.78939176, 0.61037016, -0.06537065
0.805628, 0.40399802
3.15171599, 1.283746, -12.02062416
0.78939176, 0.61037016, -0.06537065
0.77244198, 0.26654202
2.6028049, 2.01280808, -11.84168053
0.78939176, 0.61037016, -0.06537065
0.83529598, 0.40106398
3.11954999, 1.39492202, -12.29276562
0.80721456, 0.57365644, 0.13892025
0.815947, 0.271824
2.25496006, 2.12208509, -12.17933464
0.574633, 0.73830378, -0.35303813
0.90154999, 0.40106398
3.18997192, 1.18966699, -12.07481194
0.93282878, 0.35847041, 0.03616443
0.77244198, 0.25433397
3.16738009, 1.28862405, -12.34492779
0.92135382, 0.38346508, 0.06341746
0.815947, 0.254686
3.21042204, 0.584728, -12.24129295
0.99658191, 0.05142369, -0.06448561
0.77244198, 0.15666997
3.18782997, 0.66380501, -12.51617336
0.99642932, 0.05102695, -0.06720176
0.815947, 0.15666997
2.75485301, 1.42566299, -12.8718586
0.79659414, 0.18387403, -0.57582325
0.90154999, 0.25421602
2.77530408, 0.79668301, -13.04410076
0.79644156, 0.18366039, -0.57609791
0.90154999, 0.15666997
2.406636, 1.50886405, -13.20678711
0.7033906, 0.2088992, -0.67937255
0.97155702, 0.25492102
2.42481399, 0.87564403, -13.37765694
0.6985687, 0.20502335, -0.68550676
0.97155702, 0.15666997
2.3816421, 1.60693204, -13.1570034
0.66890466, 0.46488845, -0.57997376
0.97155702, 0.27088499
2.72304201, 1.528579, -12.81374454
0.66444898, 0.51249731, -0.54387033
0.90154999, 0.27100199
1.91128695, 2.20498204, -12.51911354
0.52546769, 0.77932066, -0.34134954
0.97155702, 0.40106398
-2.26964211, -0.36512199, -8.73895359
-0.42316964, 0.56318855, 0.70970792
0.749107, 0.39226002
-2.35825992, -0.506446, -8.67964458
-0.42316964, 0.56318855, 0.70970792
0.749107, 0.369605
-1.64530396, -0.47227299, -8.28165436
-0.42316964, 0.56318855, 0.70970792
0.63934797, 0.39226002
-1.733922, -0.61359602, -8.22234535
-0.42316964, 0.56318855, 0.70970792
0.63934797, 0.369605
-1.24457502, -0.51016003, -8.15416622
-0.22132023, 0.49211097, 0.84191412
0.58106798, 0.39226002
-1.33319199, -0.651483, -8.09485722
-0.22132023, 0.49211097, 0.84191412
0.58106798, 0.369605
-0.87041599, -0.50452602, -8.18787479
0.07913449, 0.34315011, 0.93591112
0.53005803, 0.39226002
-0.95903301, -0.64584899, -8.12856483
0.07913449, 0.34315011, 0.93591112
0.53005803, 0.369605
-2.35825992, -0.81897998, -8.75454617
-0.60115361, -0.18622394, 0.77709281
0.749107, 0.32441199
-1.733922, -0.92613101, -8.29724693
-0.60115361, -0.18622394, 0.77709281
0.63934797, 0.32441199
-1.33319199, -0.96401799, -8.1697588
-0.31458479, -0.22119816, 0.92306286
0.58106798, 0.32441199
-0.95903301, -0.95838398, -8.20346642
0.09073153, -0.23209326, 0.96844387
0.53005803, 0.32441199
-1.27184105, -1.33405495, -8.32294941
0.08890042, -0.3683584, 0.92541277
0.58106798, 0.266307
-1.014359, -1.31831598, -8.39678478
0.26804405, -0.48750266, 0.83092743
0.53005803, 0.266307
-2.29918098, -1.19002199, -8.90558815
-0.58763391, -0.38355663, 0.71239358
0.749107, 0.266307
-1.67257094, -1.29616904, -8.45043755
-0.58326977, -0.39133886, 0.71175265
0.63934797, 0.266307
0.32592601, 2.09556508, -11.6015358
-0.00262459, 0.97650075, 0.21546067
0.68015599, 0.916966
-0.60796601, 1.80551398, -10.68909264
-0.04721214, 0.96487319, 0.25836971
0.49288499, 0.917436
-0.87102902, 1.615942, -10.52229881
-0.30744347, 0.83236182, 0.46113467
0.441172, 0.911802
-1.92250299, 0.69525599, -9.99142647
-0.41627246, 0.76168096, 0.4964751
0.23642901, 0.881047
-1.11595201, 1.69368398, -10.96500015
-0.47965941, 0.77977842, 0.40229499
0.461927, 0.84066699
-2.03533602, 0.82275301, -10.54177761
-0.58207953, 0.75774407, 0.29486984
0.28040299, 0.79077899
-1.16427505, 1.67944205, -11.08712673
-0.63740957, 0.75276953, 0.16440322
0.467439, 0.827755
-2.02115202, 0.82959002, -10.69882488
-0.71141696, 0.70192569, -0.03369243
0.295295, 0.778336
-2.18757701, 0.75457197, -10.39804173
-0.40629292, 0.91372418, 0.00308237
0.248859, 0.793009
-2.18181109, 0.77315402, -10.53269386
-0.2115543, 0.9693594, 0.12469863
0.26117101, 0.77857099
-2.07474303, 0.62707603, -9.84768963
-0.18216498, 0.94900358, 0.25717947
0.20547099, 0.88093
-0.86756599, 1.87654603, -11.12011623
-0.39289528, 0.84377575, 0.3655507
0.51082599, 0.84958801
-0.024563, 2.14262605, -11.94273663
-0.09472945, 0.97152621, 0.2171392
0.679335, 0.847123
1.37797499, 2.33425307, -12.650527
-0.0433668, 0.98266548, 0.18008973
0.89170003, 0.913445
1.55293798, 2.282094, -12.8469944
0.24771874, 0.96813869, -0.03640858
0.93016201, 0.912036
-0.94296998, 1.85451102, -11.21992588
-0.52391124, 0.82445753, 0.21378216
0.51164699, 0.836206
-0.109056, 2.12166095, -12.03273392
-0.27466658, 0.96090579, 0.03399762
0.67898297, 0.82939801
1.02748597, 2.38269997, -12.991395
-0.23136082, 0.972808, -0.0093997
0.89041001, 0.84430601
0.94299299, 2.37237, -13.07884312
-0.1782281, 0.9823603, 0.05615406
0.89052701, 0.82705
1.06114995, 2.34551001, -13.20951843
0.04605243, 0.98586994, -0.16095462
0.915856, 0.825524
1.19145894, 2.33449197, -13.1839447
0.11249123, 0.98223823, -0.15009002
0.92664498, 0.841371
-2.33605099, 0.37617499, -9.63306332
-0.38731042, 0.79812008, 0.4614704
0.146722, 0.882808
-2.74278307, -0.148406, -9.33111858
-0.4984588, 0.68916899, 0.52586442
0.051269, 0.86813501
-2.46217895, 0.47751901, -10.10489178
-0.64964753, 0.6888333, 0.32160404
0.181784, 0.801108
-2.43593001, 0.52822298, -10.33277893
-0.65245521, 0.7521897, 0.09219642
0.209692, 0.76965
-2.86099291, 0.021843, -10.08230209
-0.74962616, 0.6590777, 0.06027406
0.112129, 0.776223
-2.8844769, -0.06266, -9.71950436
-0.74575031, 0.65788752, 0.10495315
0.075425, 0.803573
-2.89583802, -0.133792, -9.72460556
-0.98681599, 0.15952025, -0.0267037
0.06663, 0.799348
-2.75414395, -0.219538, -9.33621979
-0.92355114, 0.12140263, 0.36371958
0.042005, 0.8652
-2.8700819, -0.048747, -10.08966446
-0.99050874, 0.13159582, -0.03921628
0.103334, 0.771176
2.073282, 0.95669299, -13.71176147
0.69869077, 0.20499283, -0.68538469
0.90154999, 0.15666997
2.05283189, 1.58567297, -13.53951836
0.69356364, 0.21115756, -0.68874174
0.90154999, 0.25421602
2.02101994, 1.68858898, -13.48140526
0.63344216, 0.5195471, -0.57338178
0.90154999, 0.27100199
1.55293798, 2.282094, -12.8469944
0.50178534, 0.78469193, -0.3638722
0.90154999, 0.40106398
1.474545, 1.76986301, -13.85725212
0.41853085, 0.79650259, -0.43632314
0.815947, 0.271824
1.49942601, 1.66879594, -13.93124008
0.51689202, 0.58485669, -0.62508011
0.815947, 0.254686
1.21325397, 1.64021504, -13.95477581
0.00717185, 0.59181494, -0.80602437
0.77244198, 0.25433397
1.23370397, 1.03527606, -14.12125683
0.05249184, 0.2666097, -0.96234018
0.77244198, 0.15666997
1.519876, 1.04397702, -14.10248566
0.05505539, 0.26557207, -0.96249276
0.815947, 0.15666997
1.18334305, 1.73239195, -13.8926506
0.02758873, 0.56480604, -0.82473218
0.77244198, 0.26654202
1.19145894, 2.33449197, -13.1839447
-0.01937925, 0.76204717, -0.64720601
0.83529598, 0.40106398
1.06114995, 2.34551001, -13.20951843
0.18823817, 0.74739832, -0.63713491
0.805628, 0.40399802
-2.85338402, -0.89915198, -10.14579582
-0.92739648, -0.21500289, -0.3060396
0.53005803, 0.266307
-2.923105, -0.95768797, -9.89338875
-0.92739648, -0.21500289, -0.3060396
0.58106798, 0.266307
-2.95869994, -0.50260502, -10.10525608
-0.92739648, -0.21500289, -0.3060396
0.53005803, 0.32441199
-2.98445606, -0.58765, -9.74019814
-0.98751795, -0.12298959, -0.09833064
0.58106798, 0.32441199
-2.95869994, -0.190071, -10.03035355
-0.99761957, 0.01596118, -0.06665242
0.53005803, 0.369605
-2.98445606, -0.27511501, -9.66529655
-0.99761957, 0.01596118, -0.06665242
0.58106798, 0.369605
-2.8700819, -0.048747, -10.08966446
-0.83172095, 0.55076754, 0.06961272
0.53005803, 0.39226002
-2.89583802, -0.133792, -9.72460556
-0.83172095, 0.55076754, 0.06961272
0.58106798, 0.39226002
-2.78141093, -1.04343402, -9.50500298
-0.92263556, -0.26783043, 0.27744377
0.63934797, 0.266307
-2.84276199, -0.67339599, -9.35181236
-0.92263556, -0.26783043, 0.27744377
0.63934797, 0.32441199
-2.84276199, -0.36086199, -9.27691078
-0.9419843, -0.07821894, 0.32636493
0.63934797, 0.369605
-2.75414395, -0.219538, -9.33621979
-0.69893491, 0.60097051, 0.38767663
0.63934797, 0.39226002
# Number of Faces:
342
# Face Data:
0, 1, 2
2, 1, 3
0, 4, 1
1, 4, 5
1, 5, 6
6, 5, 7
6, 7, 8
8, 7, 9
8, 9, 10
8, 10, 11
8, 11, 12
8, 12, 6
6, 12, 1
1, 12, 13
1, 13, 3
3, 13, 14
3, 14, 15
15, 14, 16
16, 14, 17
17, 14, 18
17, 18, 19
19, 18, 20
19, 20, 21
21, 20, 22
22, 20, 23
22, 23, 24
3, 15, 2
14, 13, 18
18, 13, 25
18, 25, 20
20, 25, 23
13, 12, 25
25, 12, 26
26, 12, 11
26, 11, 27
27, 11, 10
27, 10, 28
27, 28, 29
27, 29, 30
30, 29, 31
30, 32, 27
27, 32, 26
26, 32, 33
26, 33, 25
25, 33, 23
23, 33, 34
23, 34, 24
31, 35, 36
31, 36, 37
37, 36, 38
37, 38, 39
39, 38, 40
39, 40, 41
41, 40, 34
41, 34, 33
41, 33, 32
41, 32, 39
39, 32, 30
39, 30, 37
37, 30, 31
40, 42, 34
34, 42, 24
24, 42, 43
44, 45, 46
46, 45, 47
46, 47, 48
48, 47, 49
48, 49, 50
50, 49, 51
45, 52, 47
47, 52, 53
47, 53, 49
49, 53, 54
49, 54, 51
51, 54, 55
55, 54, 56
55, 56, 57
53, 52, 58
53, 58, 59
53, 59, 54
54, 59, 56
60, 61, 62
62, 61, 63
60, 62, 64
64, 62, 65
65, 62, 66
65, 66, 67
67, 66, 68
67, 68, 69
69, 68, 70
70, 68, 71
71, 68, 72
72, 68, 66
72, 66, 62
72, 62, 73
73, 62, 63
73, 63, 74
74, 63, 75
74, 75, 76
74, 76, 77
74, 77, 78
78, 77, 79
78, 79, 80
80, 79, 81
80, 81, 82
80, 82, 83
83, 82, 84
75, 63, 61
73, 74, 78
73, 78, 85
85, 78, 80
85, 80, 83
72, 73, 85
72, 85, 86
72, 86, 71
71, 86, 87
71, 87, 70
70, 87, 88
88, 87, 89
89, 87, 90
89, 90, 91
92, 90, 87
92, 87, 86
92, 86, 93
93, 86, 85
93, 85, 83
93, 83, 94
94, 83, 84
94, 84, 95
95, 84, 96
95, 97, 94
94, 97, 98
94, 98, 93
93, 98, 92
92, 98, 99
92, 99, 90
90, 99, 100
90, 100, 91
91, 100, 101
91, 101, 102
99, 98, 97
99, 97, 103
99, 103, 100
100, 103, 101
44, 104, 45
45, 104, 105
45, 105, 52
52, 105, 106
52, 106, 58
58, 106, 107
107, 106, 108
108, 106, 109
108, 109, 110
110, 109, 111
111, 109, 112
112, 109, 105
112, 105, 104
109, 106, 105
110, 113, 108
108, 113, 114
108, 114, 107
115, 114, 113
116, 117, 118
118, 117, 119
116, 120, 117
117, 120, 121
121, 120, 122
121, 122, 123
123, 122, 124
123, 124, 125
123, 125, 126
126, 125, 127
126, 127, 128
128, 127, 129
129, 127, 130
129, 130, 131
132, 130, 127
132, 127, 125
132, 125, 133
133, 125, 124
126, 134, 123
123, 134, 121
121, 134, 135
121, 135, 117
134, 126, 128
134, 128, 136
134, 136, 135
135, 136, 137
135, 137, 138
138, 137, 139
138, 139, 140
138, 140, 141
138, 141, 119
119, 141, 142
119, 142, 118
118, 142, 143
138, 119, 135
135, 119, 117
133, 144, 132
132, 144, 145
132, 145, 130
130, 145, 146
130, 146, 131
131, 146, 147
147, 146, 148
148, 146, 149
149, 146, 150
149, 150, 151
151, 150, 152
152, 150, 153
153, 150, 144
144, 150, 145
145, 150, 146
151, 154, 149
149, 154, 148
148, 154, 155
156, 157, 158
158, 157, 159
158, 159, 160
159, 157, 161
159, 161, 162
162, 161, 163
162, 163, 164
162, 164, 165
165, 164, 166
165, 166, 167
167, 166, 168
167, 169, 165
165, 169, 170
165, 170, 162
162, 170, 159
159, 170, 160
160, 170, 171
171, 170, 169
172, 173, 174
174, 173, 175
174, 175, 176
176, 175, 177
176, 177, 178
178, 177, 179
173, 180, 175
175, 180, 181
175, 181, 177
177, 181, 182
177, 182, 179
179, 182, 183
183, 182, 184
183, 184, 185
181, 180, 186
181, 186, 187
181, 187, 182
182, 187, 184
118, 188, 116
116, 188, 120
120, 188, 189
120, 189, 122
122, 189, 190
122, 190, 124
124, 190, 191
191, 190, 192
191, 192, 193
193, 192, 194
193, 194, 195
193, 195, 196
196, 195, 197
196, 198, 193
193, 198, 191
191, 198, 133
191, 133, 124
199, 192, 190
199, 190, 189
199, 189, 200
200, 189, 188
200, 188, 201
201, 188, 118
201, 118, 202
202, 118, 143
192, 199, 194
194, 199, 203
203, 199, 200
203, 200, 204
204, 200, 205
204, 205, 206
206, 205, 207
207, 205, 208
208, 205, 201
208, 201, 202
205, 200, 201
133, 198, 144
144, 198, 209
144, 209, 210
210, 209, 211
211, 209, 196
211, 196, 197
211, 197, 212
211, 212, 213
211, 213, 214
214, 213, 215
214, 215, 216
214, 216, 210
210, 216, 152
210, 152, 153
210, 153, 144
198, 196, 209
210, 211, 214
215, 213, 217
168, 218, 167
167, 218, 219
167, 219, 169
169, 219, 220
169, 220, 171
171, 220, 221
221, 220, 222
222, 220, 223
222, 223, 224
224, 223, 225
225, 223, 226
226, 223, 219
226, 219, 218
223, 220, 219
224, 227, 222
222, 227, 228
222, 228, 221
229, 228, 227
230, 231, 232
232, 231, 233
232, 233, 234
234, 233, 235
234, 235, 236
236, 235, 237
231, 238, 233
233, 238, 239
233, 239, 235
235, 239, 240
235, 240, 237
237, 240, 241
241, 240, 173
241, 173, 172
239, 238, 186
239, 186, 180
239, 180, 240
240, 180, 173
